episode,discountedReturn,averageDiscountedReturn,episodeLength,averageEpisodeLength
1,-9.6946721,-9.6946721,8,8
2,1.9,-3.89733605,2,5
3,-10.8656721,-6.22011473333,8,6
4,-10.5946721,-7.313754075,8,6
5,-1.21931,-6.09486526,6,6
6,-25.31441,-9.29812271667,6,6
7,-35.31441,-13.0147351857,6,6
8,-17.18441,-13.5359445375,6,6
9,-1.16420489,-12.1613067989,9,6
10,-4.782969,-11.423473019,7,6
11,-8.8846721,-11.1926729355,8,6
12,-25.31441,-12.3694843575,6,6
13,-11.882969,-12.3320600992,7,6
14,-14.3046721,-12.4729609564,8,6
15,-8.9656721,-12.2391416993,8,6
16,-4.31441,-11.7438459681,6,6
17,-2.87420489,-11.2221023753,9,6
18,6.12579511,-10.2583302928,9,7
19,-13.3046721,-10.4186640721,8,7
20,-28.16541,-11.3060013685,6,7
21,0.9123589,-10.724174689,8,7
22,-1.5946721,-10.3091972986,8,7
23,-2.882969,-9.98631780739,7,7
24,-10.4849,-10.0070920654,5,7
25,-38.5659,-11.1494443828,5,6
26,-12.882969,-11.2161184065,7,6
27,-27.97541,-11.83683291,6,6
28,-1.16420489,-11.4556676236,9,7
29,-49.661,-12.7730928779,4,6
30,-22.31441,-13.091136782,6,6
31,-12.4046721,-13.06899276,8,6
32,-21.782969,-13.3413045175,7,6
33,-11.343969,-13.2807791988,7,6
34,-22.882969,-13.5631965459,7,6
35,2.71,-13.0982480731,3,6
36,-13.782969,-13.1172680989,7,6
37,-21.072969,-13.3322870422,7,6
38,-11.5946721,-13.2865603332,8,6
39,-2.87420489,-13.0195768603,9,6
40,-8.787869,-12.9137841638,7,6
41,-19.982969,-13.0862033061,7,6
42,-56.561,-14.1213175131,4,6
43,-33.31441,-14.5676685012,6,6
44,-23.782969,-14.7771071489,7,6
45,-12.782969,-14.7327929678,7,6
46,-9.2095721,-14.6127229489,8,6
47,-23.782969,-14.807834567,7,6
48,1.0,-14.4785046802,1,6
49,-3.3046721,-14.2504672806,8,6
50,6.513215599,-13.835193623,10,6
51,-12.4046721,-13.8071441814,8,6
52,-11.4046721,-13.7609427952,8,6
53,-0.8656721,-13.517635801,8,6
54,-21.782969,-13.6706975269,7,6
55,-1.16420489,-13.4433067517,9,6
56,-15.31441,-13.4767193097,6,6
57,-14.41421,-13.4931665148,6,6
58,-25.51931,-13.7005138162,6,6
59,6.12579511,-13.3644746819,9,6
60,-2.87420489,-13.189636852,9,6
61,-20.982969,-13.3173963954,7,6
62,-13.3046721,-13.3171911649,8,6
63,-2.4046721,-13.1439765765,8,6
64,-23.0049,-13.298053505,5,6
65,-20.982969,-13.4162829742,7,6
66,-8.9656721,-13.3488494761,8,6
67,6.12579511,-13.058183139,9,7
68,-4.9925411,-12.939570756,8,7
69,-22.9049,-13.0839958176,5,6
70,-45.561,-13.5479530202,4,6
71,-3.782969,-13.410418034,7,6
72,-8.1,-13.3366622279,2,6
73,5.217031,-13.0825020467,7,6
74,-24.782969,-13.240616465,7,6
75,-52.561,-13.7648882455,4,6
76,-14.3046721,-13.7719906646,8,6
77,1.9,-13.5684583183,2,6
78,-34.9049,-13.8420024424,5,6
79,-4.782969,-13.7273311331,7,6
80,-9.8656721,-13.6790603951,8,6
81,-12.072969,-13.6592321063,7,6
82,6.513215599,-13.4132266465,10,6
83,-13.782969,-13.4176813736,7,6
84,-10.982969,-13.3886967025,7,6
85,-12.3046721,-13.3759434719,8,6
86,-8.9656721,-13.3246612467,8,6
87,-6.592769,-13.2472831749,7,6
88,-3.3046721,-13.1342989581,8,6
89,-1.16420489,-12.9998035191,9,6
90,-0.43520489,-12.8601968677,9,6
91,-15.9049,-12.8936551439,5,6
92,6.513215599,-12.6827108967,10,6
93,-0.2095721,-12.5485911247,8,6
94,-10.2095721,-12.5237079435,8,6
95,-10.982969,-12.5074896389,7,6
96,-10.5046721,-12.4866269562,8,6
97,-1.97420489,-12.378251471,9,6
98,-2.87420489,-12.2812714038,9,7
99,5.6953279,-12.0996895927,8,7
100,-21.782969,-12.1965223867,7,7
101,-13.782969,-12.2122297789,7,7
102,-12.4046721,-12.2141164684,8,7
103,4.0951,-12.0557745609,5,7
104,-23.41441,-12.1649922094,6,7
105,-4.31441,-12.0902247597,6,6
106,-10.982969,-12.0797789507,7,6
107,-18.443969,-12.1392573624,7,6
108,-1.5946721,-12.0416223136,8,7
109,-27.71441,-12.1854093566,6,6
110,-0.2095721,-12.0765381088,8,7
111,-19.982969,-12.147767216,7,7
112,-1.97420489,-12.0569318381,9,7
113,-5.561,-11.9994457156,4,6
114,-17.904969,-12.0512485514,7,6
115,-42.0049,-12.3117150858,5,6
116,-30.51441,-12.4686348695,6,6
117,-11.5946721,-12.4611651022,8,6
118,5.6953279,-12.3072965175,8,6
119,-20.982969,-12.3802013283,7,6
120,-10.8656721,-12.3675802514,8,6
121,-9.443969,-12.3434181749,7,6
122,-1.16420489,-12.2517852791,9,7
123,-14.3046721,-12.2684754159,8,7
124,-30.51441,-12.4156200496,6,7
125,-2.87420489,-12.3392887283,9,7
126,6.12579511,-12.1927404439,9,7
127,-2.87420489,-12.1193661482,9,7
128,-2.87420489,-12.0471383259,9,7
129,-21.782969,-12.1226098815,7,7
130,-18.443969,-12.1712357209,7,7
131,-25.07031,-12.2697019367,6,7
132,-12.4046721,-12.270724438,8,7
133,-11.87541,-12.267752149,6,7
134,-25.31441,-12.3651152673,6,7
135,-8.9656721,-12.3399342068,8,7
136,-31.41441,-12.4801877052,6,7
137,-21.782969,-12.5480912183,7,7
138,-12.782969,-12.5497932313,7,7
139,5.217031,-12.4219743519,7,7
140,-19.443969,-12.4721314565,7,7
141,-19.362969,-12.5210026448,7,7
142,-12.882969,-12.5235517036,7,7
143,-12.782969,-12.5253658106,7,7
144,-20.882969,-12.5834047216,7,7
145,-8.8846721,-12.5578962208,8,7
146,4.68559,-12.4397901508,6,7
147,-40.1049,-12.627988177,5,7
148,-21.882969,-12.6905218312,7,7
149,-24.31441,-12.7685345034,6,7
150,-12.4046721,-12.7661087541,8,7
151,-1.97420489,-12.6946391921,9,7
152,-29.16541,-12.8029995263,6,7
153,-35.9049,-12.9539923399,5,7
154,-32.60441,-13.0815924546,6,7
155,-7.4995721,-13.04557942,8,7
156,-31.87541,-13.1662834622,6,7
157,-15.487379,-13.1810675102,7,7
158,-35.31441,-13.3211519563,6,7
159,-21.782969,-13.3743709315,7,7
160,-22.41441,-13.4308711756,6,7
161,-22.36031,-13.4863335286,6,7
162,-3.87420489,-13.4269994012,9,7
163,-0.687869,-13.348845227,7,7
164,6.12579511,-13.23009742,9,7
165,5.6953279,-13.1153978726,8,7
166,-23.782969,-13.1796603493,7,7
167,-20.882969,-13.225787946,7,7
168,-13.3046721,-13.2262574945,8,7
169,6.513215599,-13.1094558786,10,7
170,-10.5046721,-13.0941336211,8,7
171,-25.31441,-13.1655972256,6,7
172,-10.2095721,-13.148411033,8,7
173,-2.60441,-13.0874630502,6,7
174,-2.87420489,-13.0287661642,9,7
175,-10.5946721,-13.0148570553,8,7
176,-22.761,-13.0702328675,4,7
177,-3.3046721,-13.0150602078,8,7
178,-2.87420489,-12.9580891105,9,7
179,-25.31441,-13.0271188361,6,7
180,-1.16420489,-12.9612137586,9,7
181,-14.3046721,-12.9686361804,8,7
182,-43.9049,-13.1386156519,5,7
183,-9.8656721,-13.1207307145,8,7
184,-34.9049,-13.2391229389,5,7
185,-11.4046721,-13.2292069884,8,7
186,-0.8656721,-13.1627363707,8,7
187,-34.31441,-13.2758469249,6,7
188,5.6953279,-13.1749364205,8,7
189,-2.87420489,-13.1204351955,9,7
190,-29.89441,-13.2087192734,6,7
191,-30.87541,-13.3012150364,6,7
192,-19.87541,-13.3354556351,6,7
193,-21.782969,-13.3792251344,7,7
194,5.6953279,-13.2809026961,8,7
195,-12.3046721,-13.2758963854,8,7
196,4.0951,-13.1872688528,5,7
197,-19.982969,-13.2217647926,7,7
198,-51.661,-13.4159023442,4,7
199,5.6953279,-13.3198660113,8,7
200,-10.982969,-13.3081815262,7,7
201,-13.3046721,-13.3081640664,8,7
202,-14.3046721,-13.3130972745,8,7
203,-30.41441,-13.3973401943,6,7
204,-1.16420489,-13.3373738448,9,7
205,-22.661,-13.382854948,4,7
206,-2.072969,-13.327952589,7,7
207,-8.1556721,-13.3029657267,8,7
208,0.22089511,-13.237947165,9,7
209,-22.782969,-13.283617126,7,7
210,-1.97420489,-13.229762782,9,7
211,-11.4046721,-13.2211130631,8,7
212,-33.41441,-13.3163644637,6,7
213,-19.343969,-13.3446630766,7,7
214,6.513215599,-13.251869251,10,7
215,-42.9049,-13.3897903243,5,7
216,-25.31441,-13.4449968968,6,7
217,-41.661,-13.5750245609,4,7
218,6.513215599,-13.4828766703,10,7
219,-3.782969,-13.4385848544,7,7
220,-9.0876411,-13.4188078373,8,7
221,-22.782969,-13.4611796073,7,7
222,-19.70441,-13.4893022667,6,7
223,-7.7190821,-13.46342684,8,7
224,-19.443969,-13.4901256889,7,7
225,6.513215599,-13.4012219499,10,7
226,3.439,-13.3267076934,4,7
227,-13.31441,-13.3266535186,6,7
228,4.68559,-13.2476524505,6,7
229,-8.8846721,-13.2286001346,8,7
230,-9.362969,-13.2117930427,7,7
231,-24.39,-13.260183549,3,7
232,-10.5046721,-13.2483063445,8,7
233,-3.87420489,-13.2080741494,9,7
234,0.22089511,-13.1506853919,9,7
235,-20.70441,-13.1828289008,6,7
236,-3.3046721,-13.1409723042,8,7
237,-12.3046721,-13.1374436114,8,7
238,-10.982969,-13.128391197,7,7
239,6.513215599,-13.0462087418,10,7
240,-27.97541,-13.1084137471,6,7
241,-14.782969,-13.1153621091,7,7
242,6.12579511,-13.035853195,9,7
243,-23.782969,-13.080080009,7,7
244,-9.362969,-13.0648459475,7,7
245,-16.004969,-13.0768464497,7,7
246,-4.3046721,-13.0411872044,8,7
247,-9.8656721,-13.028330868,8,7
248,6.12579511,-12.951096489,9,7
249,-40.0049,-13.0597463023,5,7
250,-20.072969,-13.0877991931,7,7
251,-11.343969,-13.0808516625,7,7
252,-32.1049,-13.1563439178,5,7
253,-13.3046721,-13.1569301952,8,7
254,-16.658379,-13.1707154267,7,7
255,-2.882969,-13.1303713231,7,7
256,-13.41441,-13.1314808491,6,7
257,-22.60441,-13.1683404956,6,7
258,-27.4949,-13.223869796,5,7
259,-37.8559,-13.3189741598,5,7
260,-2.4046721,-13.2769960749,8,7
261,-33.31441,-13.3537677758,6,7
262,0.3809179,-13.3013453114,8,7
263,-32.41441,-13.3740185611,6,7
264,-31.21931,-13.441614362,6,7
265,-33.41441,-13.5169834022,6,7
266,-41.561,-13.622412036,4,7
267,-32.1949,-13.691971916,5,7
268,-13.3046721,-13.6905267675,8,7
269,-34.31441,-13.7671954784,6,7
270,0,-13.7162058655,0,7
271,-42.0049,-13.8205921907,5,7
272,-28.16541,-13.8733304915,6,6
273,-3.3046721,-13.8346174571,8,7
274,-41.4659,-13.9354615539,5,6
275,-22.882969,-13.9679979446,7,6
276,-36.431,-14.0493856333,4,6
277,0.22089511,-13.9978683743,9,6
278,-10.5946721,-13.985626661,8,6
279,0.22089511,-13.9347072282,9,7
280,-19.443969,-13.9543831631,7,7
281,-20.072969,-13.9761574899,7,7
282,-1.5946721,-13.9322515133,8,7
283,-21.87541,-13.9603192112,6,7
284,-19.082969,-13.9783567104,7,7
285,-7.1,-13.9542221255,2,6
286,-20.882969,-13.9784485131,7,6
287,-30.87541,-14.0373229434,6,6
288,-14.465969,-14.0388112978,7,6
289,-33.661,-14.1067081445,4,6
290,-1.5946721,-14.0635631926,8,6
291,-13.3046721,-14.0609553194,8,6
292,2.71,-14.003520541,3,6
293,-41.561,-14.0975733719,4,6
294,1.9,-14.043159857,2,6
295,-13.782969,-14.0422778541,7,6
296,-12.4046721,-14.0367454022,8,6
297,-15.31441,-14.0410473032,6,6
298,-12.882969,-14.0371611344,7,6
299,-11.882969,-14.0299564785,7,6
300,-19.982969,-14.0497998535,7,6
301,6.12579511,-13.9827712988,9,6
302,-30.8969,-14.0387783475,5,6
303,-7.4266721,-14.0169562147,8,6
304,-41.1049,-14.1060612929,5,6
305,-20.072969,-14.1256249247,7,6
306,-1.97420489,-14.0859144018,9,6
307,-2.882969,-14.0494227229,7,6
308,-29.51441,-14.0996337206,6,6
309,-23.31441,-14.129455003,6,6
310,-22.782969,-14.1573695643,7,6
311,-34.0049,-14.2211879902,5,6
312,-12.4046721,-14.2153658238,8,6
313,-22.782969,-14.2427383579,7,6
314,-16.561,-14.2501213568,4,6
315,-12.3046721,-14.2439453274,8,6
316,-19.082969,-14.2592586935,7,6
317,-22.072969,-14.2839076219,7,6
318,-39.4659,-14.3630962772,5,6
319,-11.882969,-14.3553215835,7,6
320,-14.3046721,-14.3551633039,8,6
321,4.0951,-14.2976858481,5,6
322,-8.1556721,-14.2786112712,8,6
323,-18.43641,-14.2914837131,6,6
324,-22.882969,-14.318000643,7,6
325,-31.60441,-14.3711895949,6,6
326,-17.50931,-14.3808157311,6,6
327,-20.172969,-14.398528738,7,6
328,-0.2095721,-14.3552697239,8,6
329,-4.3046721,-14.3247207949,8,6
330,-12.3046721,-14.3185994353,8,6
331,-27.1269,-14.3572952074,5,6
332,-5.39,-14.330285282,3,6
333,-11.343969,-14.3213173653,7,6
334,-12.60441,-14.3161769241,6,6
335,-14.782969,-14.3175703332,7,6
336,-29.70441,-14.3633644989,6,6
337,-23.782969,-14.3913158476,7,6
338,-8.8846721,-14.3750240022,8,6
339,-10.5046721,-14.3636070349,8,6
340,-8.3095721,-14.3458010498,8,6
341,-2.87420489,-14.3121600054,9,6
342,-13.782969,-14.3106126632,7,6
343,-13.782969,-14.3090743435,7,6
344,-8.9656721,-14.2935411975,8,6
345,-11.4046721,-14.2851676638,8,6
346,-20.882969,-14.3042364538,7,6
347,-30.70441,-14.3514992018,6,6
348,-3.3046721,-14.3197554458,8,6
349,0.22089511,-14.2780916906,9,6
350,-7.4266721,-14.2585162061,8,6
351,-9.362969,-14.2445687781,7,6
352,6.513215599,-14.1855977998,10,6
353,6.513215599,-14.1269609346,10,6
354,-10.5046721,-14.1167284803,8,6
355,-41.0049,-14.1924698085,5,6
356,-9.6190821,-14.1796232138,8,6
357,-22.072969,-14.2017334261,7,6
358,-13.3046721,-14.1992276682,8,6
359,1.0,-14.1568899867,1,6
360,-20.982969,-14.1758513173,7,6
361,-33.1649,-14.2284525602,5,6
362,-2.87420489,-14.1970872351,9,6
363,-4.661,-14.1708170223,4,6
364,-3.87420489,-14.1425296264,9,6
365,3.439,-14.0943610521,4,6
366,-1.343969,-14.0595239153,7,6
367,-10.5046721,-14.0498376706,8,6
368,-2.072969,-14.0172918318,7,6
369,-29.2949,-14.058694564,5,6
370,-22.60441,-14.0817910922,6,6
371,-16.592769,-14.0885592267,7,6
372,-21.343969,-14.1080630164,7,6
373,-19.687869,-14.1230222818,7,6
374,-17.462969,-14.1319526206,7,6
375,-14.3046721,-14.1324132059,8,6
376,-5.31441,-14.1089610697,6,6
377,-11.4046721,-14.1017878894,8,6
378,-1.5946721,-14.0687002815,8,6
379,-8.8846721,-14.0550221069,8,6
380,-24.782969,-14.0832535461,7,6
381,-13.3046721,-14.0812100252,8,6
382,-28.87541,-14.1199382974,6,6
383,-12.072969,-14.11459373,7,6
384,-9.6946721,-14.1030835174,8,6
385,-15.31441,-14.10622982,6,6
386,-20.687869,-14.1232806987,7,6
387,-11.5946721,-14.1167468264,8,6
388,-2.87420489,-14.0877712028,9,6
389,6.513215599,-14.0348123678,10,6
390,-27.99441,-14.0706062079,6,6
391,-2.87420489,-14.0419709104,9,6
392,-22.072969,-14.0624581505,7,6
393,-12.60441,-14.0587481043,6,6
394,-17.543969,-14.0675938426,7,6
395,-17.99441,-14.0775351493,6,6
396,5.6953279,-14.027603677,8,6
397,-9.8656721,-14.0171202221,8,6
398,-31.1489,-14.0601648949,5,6
399,6.12579511,-14.0095735165,9,6
400,5.6953279,-13.9603112629,8,6
401,-17.633969,-13.9694725042,7,6
402,-42.1949,-14.0396850104,5,6
403,-10.5046721,-14.0309132662,8,6
404,-0.8656721,-13.9983260356,8,6
405,-1.16420489,-13.9666368476,9,6
406,-10.8656721,-13.9589990034,8,6
407,-11.882969,-13.9538981925,7,6
408,-18.07541,-13.9639999372,6,6
409,-4.3046721,-13.9403829987,8,6
410,0.22089511,-13.905843296,9,6
411,6.12579511,-13.8571045164,9,6
412,3.439,-13.8151236802,4,6
413,-15.31441,-13.8187539134,6,6
414,-1.97420489,-13.7901438916,9,6
415,-2.072969,-13.7619097353,7,6
416,-10.5946721,-13.7542961832,8,6
417,-21.882969,-13.7737894034,7,6
418,-11.343969,-13.767976436,7,6
419,-20.21931,-13.7833734134,6,6
420,-12.4046721,-13.7800907913,8,6
421,-52.761,-13.8726820245,4,6
422,-19.0269,-13.8848958112,5,6
423,-6.7705721,-13.868077079,8,6
424,-47.69,-13.9478457652,3,6
425,-0.43520489,-13.916051316,9,6
426,-19.982969,-13.9302929069,7,6
427,-1.5946721,-13.9014038652,8,6
428,-18.097379,-13.9112075454,7,6
429,-11.5946721,-13.9058076959,8,6
430,2.71,-13.8671662826,3,6
431,-11.882969,-13.8625625766,7,6
432,-9.6946721,-13.852914682,8,6
433,-31.31441,-13.893241461,6,6
434,-21.782969,-13.9114205567,7,6
435,-11.072969,-13.9048953807,7,6
436,-19.097379,-13.9168047468,7,6
437,1.9,-13.8806106856,2,6
438,-42.39,-13.9457006156,3,6
439,-5.9049,-13.9273844411,5,6
440,0,-13.8957312946,0,6
441,-19.443969,-13.9083123325,7,6
442,-22.882969,-13.9286169856,7,6
443,-12.3046721,-13.9249511958,8,6
444,-16.248869,-13.9301852449,7,6
445,-21.51441,-13.9472284466,6,6
446,-15.31441,-13.9502938761,6,6
447,-8.9656721,-13.9391425969,8,6
448,-9.8656721,-13.9300500288,8,6
449,-11.4046721,-13.9244255791,8,6
450,-14.3046721,-13.9252705714,8,6
451,-27.97541,-13.9564238739,6,6
452,-3.87420489,-13.9341180797,9,6
453,-25.31441,-13.9592401369,6,6
454,-3.87420489,-13.9370264029,9,6
455,-3.782969,-13.9147097932,7,6
456,-11.51441,-13.9094459779,6,6
457,-8.8846721,-13.898450849,8,6
458,-15.002279,-13.9008609542,7,6
459,-3.782969,-13.8788176166,7,6
460,6.513215599,-13.8344871096,10,6
461,-12.782969,-13.8322061592,7,6
462,-18.31931,-13.8419185052,6,6
463,-2.882969,-13.8182490678,7,6
464,-12.3046721,-13.8149870485,8,6
465,-10.5946721,-13.80806164,8,6
466,-11.51441,-13.8031396408,6,6
467,-24.782969,-13.8266510527,7,6
468,-14.3046721,-13.8276724652,8,6
469,6.513215599,-13.7843017017,10,6
470,-9.6946721,-13.7756003621,8,6
471,-3.3046721,-13.7533690919,8,6
472,-20.51441,-13.7676933312,6,6
473,-23.782969,-13.7888672755,7,6
474,-24.782969,-13.8120615829,7,6
475,-13.782969,-13.8120003354,7,6
476,-3.3046721,-13.7899261164,8,6
477,-24.782969,-13.8129723279,7,6
478,-5.9049,-13.7964282435,5,6
479,-14.782969,-13.7984878276,7,6
480,-2.87420489,-13.7757289048,9,6
481,-21.51441,-13.7918176389,6,6
482,-13.782969,-13.7917992807,7,6
483,-1.97420489,-13.7673322116,9,6
484,-3.87420489,-13.7468918659,9,6
485,-43.1949,-13.8076094084,5,6
486,-31.31441,-13.8436316318,6,6
487,-4.31441,-13.8240644416,6,6
488,-15.9049,-13.8283284489,5,6
489,-7.7190821,-13.8158351026,8,6
490,-1.16420489,-13.7900154491,9,6
491,-22.072969,-13.8068850083,7,6
492,6.12579511,-13.7663714308,9,6
493,-0.8656721,-13.7402036837,8,6
494,-15.9049,-13.74458566,5,6
495,-7.4266721,-13.7318221983,8,6
496,-20.882969,-13.746239833,7,6
497,-10.982969,-13.7406799319,7,6
498,-18.362969,-13.7499616369,7,6
499,-34.31441,-13.7911729562,6,6
500,6.513215599,-13.7505641791,10,6
