episode,discountedReturn,averageDiscountedReturn,episodeLength,averageEpisodeLength
1,-1.5946721,-1.5946721,8,8
2,6.513215599,2.4592717495,10,9
3,6.12579511,3.681446203,9,9
4,6.513215599,4.389388552,10,9
5,6.12579511,4.7366698636,9,9
6,6.12579511,4.968190738,9,9
7,6.12579511,5.13356279114,9,9
8,6.513215599,5.30601939212,10,9
9,5.6953279,5.349275893,8,9
10,6.513215599,5.4656698636,10,9
11,5.6953279,5.48654786691,8,9
12,6.513215599,5.57210351125,10,9
13,-2.882969,4.92171331808,7,9
14,6.513215599,5.03539205243,10,9
15,6.513215599,5.1339136222,10,9
16,6.513215599,5.22011999575,10,9
17,6.513215599,5.296184443,10,9
18,6.513215599,5.363797285,10,9
19,6.513215599,5.42429298574,10,9
20,6.513215599,5.4787391164,10,9
21,6.513215599,5.52799990129,10,9
22,6.513215599,5.572782433,10,9
23,-2.87420489,5.20552211461,9,9
24,5.6953279,5.225930689,8,9
25,6.513215599,5.2774220854,10,9
26,6.513215599,5.32495260515,10,9
27,6.513215599,5.36896234567,10,9
28,5.6953279,5.38061825832,8,9
29,0.81138511,5.22305849459,9,9
30,6.513215599,5.2660637314,10,9
31,0.22089511,5.10331635652,9,9
32,6.513215599,5.14737570784,10,9
33,6.513215599,5.18876479545,10,9
34,5.6953279,5.20366371029,8,9
35,6.513215599,5.24107947854,10,9
36,5.217031,5.24041146525,7,9
37,6.513215599,5.27481157697,10,9
38,6.12579511,5.29720588047,9,9
39,6.513215599,5.32838561685,10,9
40,6.513215599,5.3580063664,10,9
41,6.513215599,5.38618220134,10,9
42,-13.782969,4.9297738394,7,9
43,6.12579511,4.95758828756,9,9
44,6.513215599,4.99294345373,10,9
45,-3.87420489,4.79589571276,9,9
46,1.0,4.71337624074,1,9
47,6.12579511,4.74342770604,9,9
48,6.12579511,4.77222702696,9,9
49,6.513215599,4.80775740598,10,9
50,6.12579511,4.83411816006,9,9
51,6.12579511,4.85944515908,9,9
52,3.439,4.83212890602,4,9
53,6.513215599,4.86384752287,10,9
54,6.513215599,4.89439137613,10,9
55,6.513215599,4.92382454382,10,9
56,4.68559,4.91957035554,6,9
57,6.513215599,4.94752904402,10,9
58,0.81138511,4.87621621757,9,9
59,6.12579511,4.89739552083,9,9
60,6.12579511,4.91786884732,9,9
61,6.513215599,4.94402207275,10,9
62,-1.16420489,4.84550228303,9,9
63,6.12579511,4.8658243914,9,9
64,6.12579511,4.88551143388,9,9
65,6.12579511,4.9045927212,9,9
66,-0.8656721,4.81716446633,8,9
67,6.513215599,4.84247866234,10,9
68,-4.3046721,4.70796173937,8,9
69,6.12579511,4.72851004909,9,9
70,6.513215599,4.75400584266,10,9
71,6.12579511,4.77332681825,9,9
72,5.6953279,4.78613238883,8,9
73,6.513215599,4.80979106295,10,9
74,6.12579511,4.82757490142,9,9
75,6.12579511,4.8448845042,9,9
76,5.6953279,4.85607454888,8,9
77,1.34282611,4.81044794578,9,9
78,6.513215599,4.83227830031,10,9
79,6.12579511,4.84865193081,9,9
80,6.513215599,4.86945897666,10,9
81,6.513215599,4.8897522683,10,9
82,6.12579511,4.90482596149,9,9
83,6.12579511,4.91953643316,9,9
84,-2.882969,4.82664946371,7,9
85,6.12579511,4.84193353014,9,9
86,6.513215599,4.86136704257,10,9
87,-2.60441,4.77555351334,6,9
88,6.513215599,4.79529967341,10,9
89,-2.87420489,4.70912546483,9,9
90,5.6953279,4.72008326967,8,9
91,6.513215599,4.73978802054,10,9
92,5.6953279,4.75017432358,8,9
93,6.513215599,4.76913175665,10,9
94,6.513215599,4.78768584007,10,9
95,6.513215599,4.80584931122,10,9
96,6.12579511,4.81959874663,9,9
97,6.513215599,4.83705871418,10,9
98,6.12579511,4.85020908556,9,9
99,6.12579511,4.86309379288,9,9
100,6.513215599,4.87959501094,10,9
101,6.513215599,4.89576947221,10,9
102,6.12579511,4.90782854709,9,9
103,6.513215599,4.92341482915,10,9
104,6.513215599,4.93870137501,10,9
105,6.513215599,4.95369674857,10,9
106,6.12579511,4.96475428028,9,9
107,6.513215599,4.97922588139,10,9
108,6.12579511,4.98984226314,9,9
109,-1.16420489,4.93338311494,9,9
110,6.513215599,4.94774522844,10,9
111,6.513215599,4.96184856511,10,9
112,3.439,4.94825170292,4,9
113,6.12579511,4.95867244104,9,9
114,6.513215599,4.97230878453,10,9
115,-0.097379,4.92822454292,7,9
116,6.12579511,4.93854842712,9,9
117,6.513215599,4.9520071209,10,9
118,-0.8656721,4.90270475462,8,9
119,0,4.861505555,0,8
120,-12.882969,4.71363493371,7,8
121,-2.4046721,4.65480594996,8,8
122,6.12579511,4.66686323816,9,8
123,6.513215599,4.68187423296,10,8
124,4.68559,4.68190419882,6,8
125,6.513215599,4.69655469002,10,8
126,5.6953279,4.70448146153,8,8
127,6.513215599,4.71872346261,10,8
128,6.513215599,4.73274293243,10,8
129,5.6953279,4.7402048314,8,8
130,0.22089511,4.70544091047,9,8
131,1.9,4.684025331,2,8
132,6.513215599,4.69788283303,10,8
133,6.513215599,4.71153195157,10,8
134,1.0,4.68383395193,1,8
135,6.513215599,4.6973849271,10,8
136,-1.5946721,4.6511198019,8,8
137,6.12579511,4.66188385524,9,8
138,6.513215599,4.67529930266,10,8
139,6.513215599,4.68852172206,10,8
140,6.12579511,4.69878796054,9,8
141,6.513215599,4.71165624167,10,8
142,6.12579511,4.72161496609,9,8
143,6.513215599,4.73414364185,10,8
144,6.12579511,4.74380788815,9,8
145,6.12579511,4.75333883451,9,8
146,6.513215599,4.76539278495,10,8
147,6.513215599,4.77728273607,10,8
148,-4.3046721,4.71591817636,8,8
149,6.513215599,4.72798057517,10,8
150,6.513215599,4.739882142,10,8
151,6.12579511,4.74906037358,9,8
152,6.513215599,4.76066665795,10,8
153,6.513215599,4.7721212262,10,8
154,6.513215599,4.78342703381,10,8
155,6.513215599,4.79458696004,10,8
156,-3.87420489,4.73901778151,9,8
157,5.6953279,4.74510892876,8,8
158,6.513215599,4.75629947731,10,8
159,6.12579511,4.76491265739,9,8
160,6.12579511,4.77341817272,9,8
161,6.513215599,4.78422436791,10,8
162,6.513215599,4.79489715329,10,8
163,6.12579511,4.80306217143,9,8
164,6.513215599,4.81348993623,10,8
165,6.513215599,4.82379130388,10,8
166,-2.882969,4.77736503699,7,8
167,6.513215599,4.78775935174,10,8
168,6.513215599,4.79802992464,10,8
169,6.513215599,4.8081789523,10,8
170,1.0,4.78577789964,1,8
171,6.513215599,4.79587987449,10,8
172,6.12579511,4.80361193981,9,8
173,6.513215599,4.81349404188,10,8
174,6.12579511,4.82103600205,9,8
175,-1.97420489,4.78220605409,9,8
176,6.513215599,4.7920413356,10,8
177,6.12579511,4.79957666766,9,8
178,6.12579511,4.80702733306,9,8
179,6.513215599,4.81655911108,10,8
180,6.513215599,4.82598498046,10,8
181,6.513215599,4.83530669659,10,8
182,6.12579511,4.84239729226,9,8
183,6.12579511,4.84941039509,9,8
184,-4.3046721,4.79965994675,8,8
185,-3.87420489,4.75277419088,9,8
186,6.513215599,4.76223892963,10,8
187,6.513215599,4.77160244123,10,8
188,6.513215599,4.78086634101,10,8
189,6.513215599,4.7900322101,10,8
190,6.513215599,4.79910159635,10,9
191,6.513215599,4.80807601521,10,9
192,6.513215599,4.81695695055,10,9
193,6.513215599,4.82574585546,10,9
194,6.513215599,4.83444415311,10,9
195,6.513215599,4.84305323745,10,9
196,-0.43520489,4.81612334904,9,9
197,6.12579511,4.82277142905,9,9
198,6.513215599,4.83130902586,10,9
199,6.513215599,4.83976081769,10,9
200,6.513215599,4.84812809159,10,9
201,6.513215599,4.85641210904,10,9
202,6.12579511,4.86269618331,9,9
203,6.513215599,4.87082682082,10,9
204,3.439,4.8638080619,4,9
205,6.513215599,4.87185395232,10,9
206,6.12579511,4.87794104532,9,9
207,6.12579511,4.88396932583,9,9
208,6.513215599,4.8918022406,10,9
209,6.513215599,4.89956019925,10,9
210,6.513215599,4.90724427259,10,9
211,6.513215599,4.9148555111,10,9
212,0,4.89167223039,0,9
213,6.12579511,4.89746623452,9,9
214,1.9,4.88345938295,2,8
215,5.6953279,4.88723551559,8,8
216,6.513215599,4.89476320116,10,8
217,-4.782969,4.85016535692,7,8
218,6.513215599,4.85779402775,10,8
219,5.6953279,4.86161838333,8,8
220,6.513215599,4.8691256434,10,8
221,-2.87420489,4.83408794868,9,8
222,6.12579511,4.83990644941,9,8
223,6.513215599,4.84741007788,10,8
224,6.513215599,4.85484670967,10,8
225,6.12579511,4.86049536923,9,8
226,6.513215599,4.8678082906,10,8
227,6.12579511,4.87335008276,9,8
228,6.12579511,4.8788432627,9,8
229,6.12579511,4.88428846728,9,8
230,6.513215599,4.89137075915,10,8
231,6.12579511,4.89671458751,9,8
232,1.9,4.88379771429,2,8
233,6.12579511,4.88912817521,9,8
234,6.513215599,4.89606871976,10,8
235,6.513215599,4.90295019584,10,8
236,-1.97420489,4.87380970819,9,8
237,5.217031,4.8752578993,7,8
238,6.513215599,4.8821400745,10,8
239,6.513215599,4.88896465829,10,8
240,6.513215599,4.89573237054,10,8
241,6.513215599,4.90244391921,10,8
242,6.12579511,4.90749908942,9,8
243,-3.87420489,4.87136038991,9,8
244,6.513215599,4.8780893047,10,8
245,5.6953279,4.88142497244,8,8
246,6.513215599,4.88805826767,10,8
247,6.513215599,4.89463785201,10,8
248,-3.782969,4.8596475018,7,8
249,5.217031,4.86108277689,7,8
250,6.12579511,4.86614162622,9,8
251,6.513215599,4.87270367392,10,8
252,6.513215599,4.87921364188,10,8
253,6.513215599,4.88567214764,10,8
254,-3.3046721,4.85342669785,8,8
255,6.513215599,4.85993567393,10,8
256,5.6953279,4.86319892481,8,8
257,6.513215599,4.86961922316,10,8
258,1.9,4.85810907113,2,8
259,6.12579511,4.86300361182,9,8
260,6.12579511,4.8678605022,9,8
261,-2.882969,4.83816383744,7,8
262,6.513215599,4.84455716477,10,8
263,6.513215599,4.85090187365,10,8
264,5.6953279,4.85410045708,8,8
265,6.513215599,4.86036126894,10,8
266,6.513215599,4.86657500702,10,8
267,6.513215599,4.87274220025,10,8
268,6.513215599,4.87886336965,10,8
269,6.12579511,4.88349880362,9,8
270,6.12579511,4.88809990106,9,8
271,6.12579511,4.89266704205,9,8
272,-1.16420489,4.87039913053,9,8
273,6.513215599,4.87641677327,10,8
274,6.513215599,4.88239049162,10,8
275,6.513215599,4.88832076473,10,8
276,6.12579511,4.89280436743,9,8
277,5.6953279,4.8957015643,8,8
278,6.12579511,4.90012636123,9,8
279,6.513215599,4.90590804309,10,8
280,6.513215599,4.91164842721,10,8
281,6.12579511,4.91596923391,9,8
282,-1.16420489,4.89440833277,9,8
283,6.513215599,4.90012849978,10,8
284,6.513215599,4.90580838394,10,8
285,6.513215599,4.91144840925,10,8
286,6.513215599,4.91704899383,10,8
287,6.12579511,4.92126065277,9,8
288,6.513215599,4.92678827411,10,9
289,4.68559,4.92595367801,6,8
290,6.12579511,4.93009106226,9,8
291,6.12579511,4.93420001088,9,8
292,6.513215599,4.93960759851,10,8
293,6.513215599,4.94497827428,10,8
294,6.513215599,4.95031241484,10,9
295,6.513215599,4.95561039173,10,9
296,-2.4046721,4.9307445725,8,9
297,6.513215599,4.93607275778,10,9
298,6.12579511,4.94006511466,9,9
299,6.12579511,4.94403076682,9,9
300,6.513215599,4.94926138293,10,9
301,6.513215599,4.95445724411,10,9
302,6.12579511,4.95833584632,9,9
303,6.12579511,4.96218884719,9,9
304,6.513215599,4.96729090887,10,9
305,6.513215599,4.97235951441,10,9
306,6.513215599,4.97739499181,10,9
307,5.217031,4.97817556513,7,9
308,3.439,4.97317824187,4,8
309,5.6953279,4.97551529578,8,8
310,6.513215599,4.98047561934,10,8
311,6.513215599,4.98540404371,10,9
312,6.513215599,4.99030087562,10,9
313,6.513215599,4.99516641786,10,9
314,-1.16420489,4.97555058567,9,9
315,6.12579511,4.97920215559,9,9
316,-1.16420489,4.95976099405,9,9
317,6.513215599,4.96466148177,10,9
318,5.6953279,4.96695917491,8,9
319,6.513215599,4.97180637373,10,9
320,2.71,4.96473822881,3,8
321,6.513215599,4.96956214585,10,8
322,6.513215599,4.97435610067,10,8
323,6.513215599,4.97912037157,10,9
324,6.12579511,4.98265949113,9,9
325,5.6953279,4.984852317,8,8
326,6.513215599,4.98954054793,10,9
327,6.12579511,4.99301533252,9,9
328,6.513215599,4.99765008943,10,9
329,6.513215599,5.00225667153,10,9
330,6.12579511,5.00566133346,9,9
331,6.513215599,5.01021587807,10,9
332,6.12579511,5.01357605648,9,9
333,6.513215599,5.01807947853,10,9
334,6.513215599,5.02255593398,10,9
335,6.513215599,5.02700566433,10,9
336,5.6953279,5.0289947186,8,9
337,6.513215599,5.03339893486,10,9
338,6.513215599,5.03777709067,10,9
339,6.12579511,5.04098658335,9,9
340,6.513215599,5.04531666869,10,9
341,-0.8656721,5.02798239078,8,9
342,5.6953279,5.02993369344,8,9
343,-1.97420489,5.00951346433,9,9
344,5.6953279,5.01150711095,8,9
345,6.12579511,5.01473693123,9,9
346,-1.16420489,4.99687871788,9,9
347,-4.3046721,4.97007309593,8,9
348,6.513215599,4.97450741346,10,9
349,6.513215599,4.97891631944,10,9
350,5.6953279,4.98096320967,8,9
351,6.12579511,4.98422483901,9,9
352,6.513215599,4.98856856276,10,9
353,-3.87420489,4.96346155582,9,9
354,5.6953279,4.96552897487,8,9
355,6.513215599,4.9698886555,10,9
356,6.513215599,4.97422384354,10,9
357,6.513215599,4.97853474482,10,9
358,6.513215599,4.98282156285,10,9
359,6.12579511,4.98600533317,9,9
360,6.513215599,4.99024758391,10,9
361,6.513215599,4.99446633188,10,9
362,6.12579511,4.99759154949,9,9
363,3.439,4.99329790886,4,9
364,6.513215599,4.99747350691,10,9
365,6.513215599,5.00162622497,10,9
366,6.513215599,5.00575625058,10,9
367,-2.87420489,4.98428496682,9,9
368,6.513215599,4.98843966963,10,9
369,6.513215599,4.99257185372,10,9
370,6.513215599,4.99668170168,10,9
371,3.439,4.99248309871,4,9
372,6.12579511,4.99552963637,9,9
373,-2.4046721,4.97568995343,8,9
374,6.513215599,4.97980098457,10,9
375,6.513215599,4.98389009021,10,9
376,6.12579511,4.98692707165,9,9
377,4.68559,4.98612776907,6,9
378,6.12579511,4.98914276203,9,9
379,5.6953279,4.99100604736,8,9
380,6.12579511,4.99399233437,9,9
381,6.513215599,4.997979797,10,9
382,6.12579511,5.00093219311,9,9
383,6.12579511,5.00386917201,9,9
384,6.513215599,5.00779976166,10,9
385,6.513215599,5.01170993266,10,9
386,6.12579511,5.01459616369,9,9
387,5.217031,5.01511925113,7,9
388,6.513215599,5.01898032419,10,9
389,6.513215599,5.02282154597,10,9
390,6.513215599,5.02664306919,10,9
391,6.513215599,5.03044504497,10,9
392,6.513215599,5.03422762291,10,9
393,6.513215599,5.03799095109,10,9
394,4.0951,5.03559782685,5,9
395,6.513215599,5.03933863134,10,9
396,6.513215599,5.04306054287,10,9
397,6.513215599,5.04676370422,10,9
398,6.513215599,5.05044825672,10,9
399,6.12579511,5.05314336162,9,9
400,6.513215599,5.05679354221,10,9
401,6.12579511,5.05945938153,9,9
402,6.513215599,5.06307569053,10,9
403,6.513215599,5.06667405259,10,9
404,6.12579511,5.06929563936,9,9
405,6.513215599,5.07286087383,10,9
406,6.513215599,5.07640854557,10,9
407,6.513215599,5.07993878403,10,9
408,4.68559,5.07897224289,6,9
409,6.12579511,5.081531712,9,9
410,6.12579511,5.0840786959,9,9
411,6.513215599,5.08755591464,10,9
412,6.513215599,5.09101625368,10,9
413,5.6953279,5.09247947801,8,9
414,6.12579511,5.09497540949,9,9
415,2.71,5.08922848079,3,9
416,5.6953279,5.09068545055,8,9
417,4.0951,5.08829795546,5,9
418,5.6953279,5.08975018021,8,9
419,5.6953279,5.0911954731,8,9
420,6.12579511,5.09365880557,9,9
421,6.513215599,5.09703067443,10,9
422,6.513215599,5.10038656288,10,9
423,6.513215599,5.10372658424,10,9
424,6.513215599,5.10705085079,10,9
425,5.6953279,5.10843503208,8,9
426,-1.97420489,5.09180911677,9,9
427,6.12579511,5.09423062963,9,9
428,6.513215599,5.09754601508,10,9
429,-1.16420489,5.08294985912,9,9
430,4.0951,5.08065253387,5,9
431,6.513215599,5.08397634608,10,9
432,6.513215599,5.08728477028,10,9
433,6.513215599,5.09057791307,10,9
434,6.12579511,5.09296320615,9,9
435,6.513215599,5.09622815418,10,9
436,6.513215599,5.09947812539,10,9
437,0.22089511,5.08831431986,9,9
438,-1.97420489,5.07218984678,9,9
439,-8.9656721,5.04021294029,8,9
440,6.513215599,5.04356067361,10,9
441,6.12579511,5.04601471995,9,9
442,5.6953279,5.04748375429,8,9
443,6.12579511,5.0499178657,9,9
444,-2.87420489,5.03207074238,9,9
445,6.513215599,5.03539915779,10,9
446,5.217031,5.03580640407,7,9
447,6.513215599,5.03911157006,10,9
448,-4.3046721,5.01825491008,8,9
449,6.513215599,5.02158444391,10,9
450,6.513215599,5.02489917981,10,9
451,6.513215599,5.02819921621,10,9
452,6.12579511,5.03062752571,9,9
453,6.12579511,5.0330451142,9,9
454,6.513215599,5.03630540161,10,9
455,6.12579511,5.03869988449,9,9
456,6.513215599,5.04193347158,10,9
457,6.513215599,5.04515290731,10,9
458,6.12579511,5.0475123881,9,9
459,-0.43520489,5.03556747028,9,9
460,5.6953279,5.03700173208,8,9
461,6.513215599,5.04020393136,10,9
462,6.12579511,5.04255369582,9,9
463,6.12579511,5.0448933101,9,9
464,6.513215599,5.0480577978,10,9
465,6.12579511,5.05037551245,9,9
466,5.6953279,5.05175953044,8,9
467,-9.6946721,5.02018258905,8,9
468,0.81138511,5.01118943204,9,9
469,-3.782969,4.99243856119,7,9
470,6.12579511,4.9948499581,9,9
471,6.12579511,4.99725111554,9,9
472,2.71,4.99240524453,3,9
473,6.513215599,4.99562048841,10,9
474,6.12579511,4.99800482305,9,9
475,6.513215599,5.00119474047,10,9
476,-1.16420489,4.98824222024,9,9
477,5.217031,4.98872186129,7,9
478,6.12579511,4.99110067562,9,9
479,4.68559,4.99046286627,6,8
480,-4.9049,4.96984752697,5,8
481,6.12579511,4.9722507444,9,8
482,6.513215599,4.97544776692,10,8
483,6.513215599,4.97863155125,10,8
484,6.513215599,4.98180217945,10,8
485,5.6953279,4.9832733665,8,8
486,5.217031,4.98375434928,7,8
487,6.513215599,4.9868949268,10,8
488,6.513215599,4.99002263309,10,8
489,1.82112301,4.98354226577,9,8
490,6.513215599,4.98666404808,10,8
491,6.12579511,4.98898407061,9,8
492,6.513215599,4.99208210217,10,8
493,6.513215599,4.99516756565,10,9
494,6.513215599,4.99824053738,10,9
495,5.6953279,4.99964879468,8,9
496,6.12579511,5.00191925096,9,9
497,6.12579511,5.0041805706,9,9
498,6.12579511,5.00643280863,9,9
499,6.513215599,5.00945241342,10,9
500,6.513215599,5.01245993979,10,9
